23779
22482
2485
27648
20421
29555
7678
13993
10643
19821
1802
30766
14406
19768
16932
16863
3718
2716
12711
12857
15958
16538
14326
29376
6350
11987
21892
14387
254
8404
13094
27302
27435
11243
29949
25855
11222
25370
9459
23968
30598
24608
2632
21813
24267
20390
12888
10941
25369
14997
21885
20115
4359
18582
1305
11254
24495
19275
13026
12466
8154
8159
30778
25473
24493
2109
1188
14276
11368
4636
24007
17925
9074
27088
29587
11435
26014
22077
20093
15990
30167
3696
25283
25934
10439
18455
1918
26024
7717
17706
1412
23961
17702
14384
18336
8360
20055
3079
3647
11253
20087
8158
12684
14217
14522
2514
24012
20745
11886
7985
2729
25891
15872
5662
26327
19698
20588
22870
11484
29965
20394
18474
20730
26948
19025
25990
12411
28804
811
21107
16401
9697
15972
5617
6372
11867
9245
11653
16597
28602
611
30162
24339
7984
13016
23633
5889
29815
20392
18482
21851
29900
17301
15728
11962
20999
13257
10105
9331
7753
14247
17292
17283
4521
30252
12341
6189
25458
24451
4455
6344
14220
18561
23783
22473
8643
9449
10130
25414
4029
20124
20897
11628
10236
16165
27090
29847
21302
4144
18009
25237
11863
14628
18759
3828
3541
804
30501
1780
16874
20757
2732
19697
22012
26662
15989
16608
17716
1963
2653
28514
9358
14209
30594
23630
29928
22145
21469
15098
17649
29929
8775
14467
17681
14472
6220
10125
26880
17852
16559
10677
16599
30087
14778
30571
18251
16500
9055
29292
14222
29921
4133
17287
19002
11521
26256
2246
30360
3729
9089
9097
12293
12351
7564
17937
23790
12908
15968
25187
4058
18430
12886
7941
15482
20075
9013
17000
13407
17992
18221
6136
7051
12691
2735
20713
7090
17646
19027
20631
28171
10162
30699
19341
4381
12679
30624
1531
22263
6385
12869
24271
9120
13003
21092
14413
417
27961
17940
8506
4358
622
8503
3768
16976
24886
23641
1176
10903
12884
20404
349
15853
30557
19006
19274
7628
4454
24504
11711
17757
8217
25922
6961
29932
11439
11486
20771
3866
3109
13617
20764
5808
2439
21390
10508
29753
18446
15385
678
10404
22069
876
18751
19685
20754
11879
23886
6370
22042
22068
11059
12676
11369
17423
27705
18601
17653
11256
2761
15287
22241
22491
20548
6944
6024
6652
17989
18259
12457
12157
23984
18074
10201
3444
30498
15350
22316
30245
29542
17990
17697
15479
15876
29873
17656
26245
20636
6149
1787
22325
26242
3656
24093
24105
3633
3672
5572
12164
11515
18234
49
10477
13069
13751
22076
17684
17447
3825
24276
7
12504
3292
3670
29933
6382
18404
15559
6006
17676
22404
18332
257
20751
4397
2821
19210
22504
10321
17264
15503
22007
15277
24852
27996
21921
7701
20417
195
10959
27968
3111
5953
29149
20402
26030
855
13866
14729
875
12873
2124
14667
15558
14268
18828
10588
23959
17743
3663
15491
22454
5223
11078
7950
15930
27997
22498
19246
30726
7862
2655
16805
8484
26001
1783
9400
24489
15094
6565
16594
4198
7633
13470
23787
21392
24335
21808
24337
6401
10054
9084
25973
17167
8431
25626
27864
17086
13064
3638
24478
