
--------------------

--------------------

--------------------

--------------------

--------------------
115131
50952
82892
1917
70460
103057
124105
110960
48833
59633
64728
87339
6422
25376
16282
27441
74678
103060
51749
22938
124999
94692
41404
34986
72464
41021
82852
87338
35571
45644
102270
79462
105263
101967
59683
92059
59639
12678
1458
32137
78047
83668
65131
76630
116036
62696
86868
86864
92798
26687
52978
71263
74009
36420
58161
41482
35627
6172
120050
5879
45416
10147
101343
46336
32613
40428
105997
81785
67446
31307
4134
92659
25863
52965
73968
45313
61685
60829
89239
101198
10317
49992
100193
35242
55790
46786
58105
82871
49739
88960
109894
83457
110961
85154
74714
94411
85207
117701
88135
25377

--------------------

--------------------
115131
50952
82892
1917
70460
103057
124105
110960
48833
59633
64728
87339
6422
25376
16282
27441
74678
103060
51749
22938
124999
94692
41404
34986
72464
41021
82852
87338
35571
45644
102270
79462
105263
101967
59683
92059
59639
12678
1458
32137
78047
83668
65131
76630
116036
62696
86868
86864
92798
26687
52978
71263
74009
36420
58161
41482
35627
6172
120050
5879
45416
10147
101343
46336
32613
40428
105997
81785
67446
31307
4134
92659
25863
52965
73968
45313
61685
60829
89239
101198
10317
49992
100193
35242
55790
46786
58105
82871
49739
88960
109894
83457
110961
85154
74714
94411
85207
117701
88135
25377

--------------------
