70460

--------------------------------------------------
62696
70460

--------------------------------------------------
25863
32137
58105
59683
62696
70460

--------------------------------------------------
25863
32137
58105
59683
62696
70460

--------------------------------------------------
25863
32137
58105
59683
62696
70460

--------------------------------------------------
25863
32137
58105
59683
62696
70460
109894

--------------------------------------------------
25863
32137
58105
59639
59683
62696
70460
109894

--------------------------------------------------
4134
6172
10147
10317
12678
16282
22938
26687
31307
34986
35571
36420
40428
41021
41482
45313
45416
45644
46786
48833
49739
49992
50952
52965
55790
59633
60829
64728
65131
67446
72464
73968
74714
76630
81785
82892
85207
86864
88135
88960
89239
92798
94411
100193
101343
103057
103060
105263
115131

--------------------------------------------------
