4134
10147
10317
22938
26687
35571
41021
45313
46786
49739
49992
50952
55790
59633
59639
62696
64728
67446
70460
74714
76630
81785
86864
88135
88960
89239
92798
103057
103060

--------------------------------------------------
6172
12678
16282
25863
31307
32137
34986
36420
40428
41482
45416
45644
48833
52965
58105
59683
60829
65131
72464
73968
82892
85207
94411
100193
101343
105263
109894
115131

--------------------------------------------------
6172
12678
16282
25863
31307
32137
34986
36420
40428
41482
45416
45644
48833
52965
58105
59683
60829
65131
72464
73968
82892
85207
94411
100193
101343
105263
109894
115131

--------------------------------------------------
6172
12678
16282
25863
31307
32137
34986
36420
40428
41482
45416
45644
48833
52965
58105
59683
60829
65131
72464
73968
82892
85207
94411
100193
101343
105263
109894
115131

--------------------------------------------------
6172
12678
16282
25863
31307
32137
34986
36420
40428
41482
45416
45644
48833
52965
58105
59683
60829
65131
72464
73968
82892
85207
94411
100193
101343
105263
109894
115131

--------------------------------------------------
6172
12678
16282
25863
31307
32137
34986
36420
40428
41482
45416
45644
48833
52965
58105
59683
60829
65131
72464
73968
82892
85207
94411
100193
101343
105263
109894
115131

--------------------------------------------------
6172
12678
16282
25863
31307
32137
34986
36420
40428
41482
45416
45644
48833
52965
58105
59683
60829
65131
72464
73968
82892
85207
94411
100193
101343
105263
109894
115131

--------------------------------------------------
6172
12678
16282
25863
31307
32137
34986
36420
40428
41482
45416
45644
48833
52965
58105
59683
60829
65131
72464
73968
82892
85207
94411
100193
101343
105263
109894
115131

--------------------------------------------------
6172
12678
16282
25863
31307
32137
34986
36420
40428
41482
45416
45644
48833
52965
58105
59683
60829
65131
72464
73968
82892
85207
94411
100193
101343
105263
109894
115131

--------------------------------------------------
6172
12678
16282
25863
31307
32137
34986
36420
40428
41482
45416
45644
48833
52965
58105
59683
60829
65131
72464
73968
82892
85207
94411
100193
101343
105263
109894
115131

--------------------------------------------------
6172
12678
16282
25863
31307
32137
34986
36420
40428
41482
45416
45644
48833
52965
58105
59683
60829
65131
72464
73968
82892
85207
94411
100193
101343
105263
109894
115131

--------------------------------------------------
6172
12678
16282
25863
31307
32137
34986
36420
40428
41482
45416
45644
48833
52965
58105
59683
60829
65131
72464
73968
82892
85207
94411
100193
101343
105263
109894
115131

--------------------------------------------------
6172
12678
16282
25863
31307
32137
34986
36420
40428
41482
45416
45644
48833
52965
58105
59683
60829
65131
72464
73968
82892
85207
94411
100193
101343
105263
109894
115131

--------------------------------------------------
6172
12678
16282
25863
31307
32137
34986
36420
40428
41482
45416
45644
48833
52965
58105
59683
60829
65131
72464
73968
82892
85207
94411
100193
101343
105263
109894
115131

--------------------------------------------------
6172
12678
16282
25863
31307
32137
34986
36420
40428
41482
45416
45644
48833
52965
58105
59683
60829
65131
72464
73968
82892
85207
94411
100193
101343
105263
109894
115131

--------------------------------------------------
6172
12678
16282
25863
31307
32137
34986
36420
40428
41482
45416
45644
48833
52965
58105
59683
60829
65131
72464
73968
82892
85207
94411
100193
101343
105263
109894
115131

--------------------------------------------------
6172
12678
16282
25863
31307
32137
34986
36420
40428
41482
45416
45644
48833
52965
58105
59683
60829
65131
72464
73968
82892
85207
94411
100193
101343
105263
109894
115131

--------------------------------------------------
6172
12678
16282
25863
31307
32137
34986
36420
40428
41482
45416
45644
48833
52965
58105
59683
60829
65131
72464
73968
82892
85207
94411
100193
101343
105263
109894
115131

--------------------------------------------------
6172
12678
16282
25863
31307
32137
34986
36420
40428
41482
45416
45644
48833
52965
58105
59683
60829
65131
72464
73968
82892
85207
94411
100193
101343
105263
109894
115131

--------------------------------------------------
6172
12678
16282
25863
31307
32137
34986
36420
40428
41482
45416
45644
48833
52965
58105
59683
60829
65131
72464
73968
82892
85207
94411
100193
101343
105263
109894
115131

--------------------------------------------------
6172
12678
16282
25863
31307
32137
34986
36420
40428
41482
45416
45644
48833
52965
58105
59683
60829
65131
72464
73968
82892
85207
94411
100193
101343
105263
109894
115131

--------------------------------------------------
6172
12678
16282
25863
31307
32137
34986
36420
40428
41482
45416
45644
48833
52965
58105
59683
60829
65131
72464
73968
82892
85207
94411
100193
101343
105263
109894
115131

--------------------------------------------------
